1.1 2.9
1.1111111111 2.3444323343
1 1.1
.5 .2
100 8
1.1 2.9
1.1111111111 2.3444323343
1 1.1
1.00000000000003 .43
34345.34 32425345
8523400000 777.700
3435 4554
0.000 0.0000
99999 1
1.0001 2.9999
1.235262578623 2.29375824758243527200
23546756.345326547567454 .2142356754225653425346
0.1 0.2
99999.889 0.111
1000.0 10000.0
123450000 777
123400000 777.700
0.000 0.0000
99999 1
1.2333 20.2667
1212121212.1111111 21212121.33300000000000000
.134142 13.32
13.32 .134142 
141231 4131312.
000001.2000 0000.800
1.1 0.99999999999999999
000001 111110
00001 00002
000001.200 10000.09
1.100000000000 0.9
1.1 0.9000000000000000000000000000
0.2 0.81231231
123213 33123.09
123.101 333.099
1.1 2.9
1.1111111111 2.3444323343
1 1.1
