7 40 -48 -48 25 -47 -48 -101 16
1 40 -48 -48 25 -46 -48 -101 16
2 40 -48 -48 25 -45 -48 -101 16
-1 40 -48 -1 25 -44 -48 -101 16
6 40 -48 -48 25 -43 -48 -101 16
-1 40 -48 -48 25 -1 -48 -101 16
3 40 -48 -48 25 -41 -48 -101 16
5 40 -48 -48 25 -40 -48 -101 16
8 40 -48 -48 25 -39 -48 -101 16

-1 40 -48 -48 25 -47 -48 -38 -48
6 40 -48 -48 25 -46 -48 -38 -48
5 40 -48 -48 25 -45 -48 -38 -48
2 40 -48 -48 25 -44 -48 -38 -48
-1 40 -48 -48 -1 -43 -48 -38 -48
7 40 -48 -48 25 -42 -48 -38 -48
1 40 -48 -48 25 -41 -48 -38 -48
-1 40 -48 -48 25 -40 -48 -1 -48
4 40 -48 -48 25 -39 -48 -38 -48

-1 40 -48 -48 25 -47 -48 -38 -48
-1 -1 -48 -48 25 -46 -48 -38 -48
8 40 -48 -48 25 -45 -48 -38 -48
5 40 -48 -48 25 -44 -48 -38 -48
1 40 -48 -48 25 -43 -48 -38 -48
3 40 -48 -48 25 -42 -48 -38 -48
6 40 -48 -48 25 -41 -48 -38 -48
7 40 -48 -48 25 -40 -48 -38 -48
2 40 -48 -48 25 -39 -48 -38 -48

9 40 -48 -48 25 -47 -48 -38 -48
2 40 -48 -48 25 -46 -48 -38 -48
4 40 -48 -48 25 -45 -48 -38 -48
-1 40 -48 -1 25 -44 -48 -38 -48
5 40 -48 -48 25 -43 -48 -38 -48
6 40 -48 -48 25 -42 -48 -38 -48
-1 40 -48 -48 25 -41 -1 -38 -48
3 40 -48 -48 25 -40 -48 -38 -48
7 40 -48 -48 25 -39 -48 -38 -48

5 40 -48 -48 25 -47 -48 -38 -48
-1 -1 -48 -48 25 -46 -48 -38 -48
6 40 -48 -48 25 -45 -48 -38 -48
-1 40 -48 -1 25 -44 -48 -38 -48
-1 40 -48 -48 -1 -43 -48 -38 -48
-1 40 -48 -48 25 -1 -48 -38 -48
2 40 -48 -48 25 -41 -48 -38 -48
4 40 -48 -48 25 -40 -48 -38 -48
1 40 -48 -48 25 -39 -48 -38 -48

1 40 -48 -48 25 -47 -48 -38 -48
-1 -1 -48 -48 25 -46 -48 -38 -48
3 40 -48 -48 25 -45 -48 -38 -48
7 40 -48 -48 25 -44 -48 -38 -48
2 40 -48 -48 25 -43 -48 -38 -48
-1 40 -48 -48 25 -1 -48 -38 -48
9 40 -48 -48 25 -41 -48 -38 -48
-1 40 -48 -48 25 -40 -48 -1 -48
5 40 -48 -48 25 -39 -48 -38 -48

-1 40 -48 -48 25 -47 -48 -38 -48
-1 -1 -48 -48 25 -46 -48 -38 -48
1 40 -48 -48 25 -45 -48 -38 -48
9 40 -48 -48 25 -44 -48 -38 -48
7 40 -48 -48 25 -43 -48 -38 -48
5 40 -48 -48 25 -42 -48 -38 -48
4 40 -48 -48 25 -41 -48 -38 -48
8 40 -48 -48 25 -40 -48 -38 -48
6 40 -48 -48 25 -39 -48 -38 -48

6 40 -48 -48 25 -47 -48 -38 -48
-1 -1 -48 -48 25 -46 -48 -38 -48
7 40 -48 -48 25 -45 -48 -38 -48
8 40 -48 -48 25 -44 -48 -38 -48
3 40 -48 -48 25 -43 -48 -38 -48
-1 40 -48 -48 25 -1 -48 -38 -48
5 40 -48 -48 25 -41 -48 -38 -48
1 40 -48 -48 25 -40 -48 -38 -48
9 40 -48 -48 25 -39 -48 -38 -48

8 40 -48 -48 25 -47 -48 -38 -48
5 40 -48 -48 25 -46 -48 -38 -48
9 40 -48 -48 25 -45 -48 -38 -48
-1 40 -48 -1 25 -44 -48 -38 -48
4 40 -48 -48 25 -43 -48 -38 -48
-1 40 -48 -48 25 -1 -48 -38 -48
-1 40 -48 -48 25 -41 -1 -38 -48
2 40 -48 -48 25 -40 -48 -38 -48
3 40 -48 -48 25 -39 -48 -38 -48

7 40 -48 -48 25 -47 -48 -38 -48
1 40 -48 -48 25 -46 -48 -38 -48
2 40 -48 -48 25 -45 -48 -38 -48
-1 40 -48 -1 25 -44 -48 -38 -48
6 40 -48 -48 25 -43 -48 -38 -48
-1 40 -48 -48 25 -1 -48 -38 -48
3 40 -48 -48 25 -41 -48 -38 -48
5 40 -48 -48 25 -40 -48 -38 -48
8 40 -48 -48 25 -39 -48 -38 -48

-1 40 -48 -48 25 -47 -48 -38 -48
6 40 -48 -48 25 -46 -48 -38 -48
5 40 -48 -48 25 -45 -48 -38 -48
2 40 -48 -48 25 -44 -48 -38 -48
-1 40 -48 -48 -1 -43 -48 -38 -48
7 40 -48 -48 25 -42 -48 -38 -48
1 40 -48 -48 25 -41 -48 -38 -48
-1 40 -48 -48 25 -40 -48 -1 -48
4 40 -48 -48 25 -39 -48 -38 -48

-1 40 -48 -48 25 -47 -48 -38 -48
-1 -1 -48 -48 25 -46 -48 -38 -48
8 40 -48 -48 25 -45 -48 -38 -48
5 40 -48 -48 25 -44 -48 -38 -48
1 40 -48 -48 25 -43 -48 -38 -48
3 40 -48 -48 25 -42 -48 -38 -48
6 40 -48 -48 25 -41 -48 -38 -48
7 40 -48 -48 25 -40 -48 -38 -48
2 40 -48 -48 25 -39 -48 -38 -48

9 40 -48 -48 25 -47 -48 -38 -48
2 40 -48 -48 25 -46 -48 -38 -48
4 40 -48 -48 25 -45 -48 -38 -48
-1 40 -48 -1 25 -44 -48 -38 -48
5 40 -48 -48 25 -43 -48 -38 -48
6 40 -48 -48 25 -42 -48 -38 -48
-1 40 -48 -48 25 -41 -1 -38 -48
3 40 -48 -48 25 -40 -48 -38 -48
7 40 -48 -48 25 -39 -48 -38 -48

5 40 -48 -48 25 -47 -48 -38 -48
-1 -1 -48 -48 25 -46 -48 -38 -48
6 40 -48 -48 25 -45 -48 -38 -48
-1 40 -48 -1 25 -44 -48 -38 -48
-1 40 -48 -48 -1 -43 -48 -38 -48
-1 40 -48 -48 25 -1 -48 -38 -48
2 40 -48 -48 25 -41 -48 -38 -48
4 40 -48 -48 25 -40 -48 -38 -48
1 40 -48 -48 25 -39 -48 -38 -48

1 40 -48 -48 25 -47 -48 -38 -48
-1 -1 -48 -48 25 -46 -48 -38 -48
3 40 -48 -48 25 -45 -48 -38 -48
7 40 -48 -48 25 -44 -48 -38 -48
2 40 -48 -48 25 -43 -48 -38 -48
-1 40 -48 -48 25 -1 -48 -38 -48
9 40 -48 -48 25 -41 -48 -38 -48
-1 40 -48 -48 25 -40 -48 -1 -48
5 40 -48 -48 25 -39 -48 -38 -48

-1 40 -48 -48 25 -47 -48 -38 -48
-1 -1 -48 -48 25 -46 -48 -38 -48
1 40 -48 -48 25 -45 -48 -38 -48
9 40 -48 -48 25 -44 -48 -38 -48
7 40 -48 -48 25 -43 -48 -38 -48
5 40 -48 -48 25 -42 -48 -38 -48
4 40 -48 -48 25 -41 -48 -38 -48
8 40 -48 -48 25 -40 -48 -38 -48
6 40 -48 -48 25 -39 -48 -38 -48

6 40 -48 -48 25 -47 -48 -38 -48
-1 -1 -48 -48 25 -46 -48 -38 -48
7 40 -48 -48 25 -45 -48 -38 -48
8 40 -48 -48 25 -44 -48 -38 -48
3 40 -48 -48 25 -43 -48 -38 -48
-1 40 -48 -48 25 -1 -48 -38 -48
5 40 -48 -48 25 -41 -48 -38 -48
1 40 -48 -48 25 -40 -48 -38 -48
9 40 -48 -48 25 -39 -48 -38 -48

8 40 -48 -48 25 -47 -48 -38 -48
5 40 -48 -48 25 -46 -48 -38 -48
9 40 -48 -48 25 -45 -48 -38 -48
-1 40 -48 -1 25 -44 -48 -38 -48
4 40 -48 -48 25 -43 -48 -38 -48
-1 40 -48 -48 25 -1 -48 -38 -48
-1 40 -48 -48 25 -41 -1 -38 -48
2 40 -48 -48 25 -40 -48 -38 -48
3 40 -48 -48 25 -39 -48 -38 -48
