11
1 1 0 0 0
1 2 0 1 1
2 1 0 0 1
1 3 1 1 2
1 1 1 1 2
2 2 1 1 2
2 2 2 0 2
3 1 2 0 2
1 4 3 1 3
2 1 4 1 3
3 2 5 1 3
4 1 7 0 3
1 5 8 1 4
3 1 9 1 4
3 3 10 1 4
4 2 10 1 4
5 1 11 0 4
2 5 12 1 5
4 1 13 1 5
3 4 14 1 5
4 3 14 1 5
5 2 15 1 5


0
11
1 1 0 0 0
1 2 0 1 1
1 1 1 1 2
2 1 4 1 3
3 1 9 1 4
4 1 13 1 5
5 1 18 1 6


11
1 1 0 0 0
2 1 0 0 1
2 2 1 0 2
3 2 2 1 3
3 1 4 1 4
4 1 7 1 5
5 1 13 1 6


11
1 1 0 0 0


11
1 1 0 0 0
1 2 0 1 1
2 2 1 1 2
2 1 4 1 3
3 1 8 1 4
4 1 12 1 5
5 1 17 1 6


11
1 1 0 0 0
1 2 0 1 1
2 2 1 1 2
3 2 4 1 3
3 1 6 1 4
4 1 9 1 5
5 1 14 1 6


11
1 1 0 0 0
1 2 0 1 1
2 2 1 1 2
3 2 5 1 3
4 2 9 1 4
4 1 12 1 5
5 1 16 1 6


11
1 1 0 0 0
1 2 0 1 1
2 2 1 1 2
3 2 5 1 3
4 2 10 1 4
5 2 14 1 5
5 1 18 1 6


2
