1 
2 
3 
4 


3214
4213
4312
4321
2293272 1983292482 1983906472 2293336 1983313106 8 
1983320462 1983320418 -1585367733 72 5517272 0 
3214 2293292 4718064 2293700 1983417557 -678110597 
4213 4312 4321 4249968 4 2293384 


8 2293272 2293336 1983292482 1983313106 1983906472 
-1585367733 0 72 5517272 1983320418 1983320462 
-678110597 3214 2293292 2293700 4718064 1983417557 
4 4213 4312 4321 2293384 4249968 
1 
1 
2 
3 


2113
3112
3211
3211
8 2293272 2293336 1983292482 1983313106 1983906472 
-1585367733 0 72 5517272 1983320418 1983320462 
2113 3214 2293292 2293700 4718064 1983417557 
3112 3211 3211 4321 2293384 4249968 


8 2293272 2293336 1983292482 1983313106 1983906472 
-1585367733 0 72 5517272 1983320418 1983320462 
2113 3214 2293292 2293700 4718064 1983417557 
3112 3211 3211 4321 2293384 4249968 
2113 3214 2293292 2293700 4718064 1983417557
3112 3211 4321 2293384 4249968
0 
1 
2 
3 


2103
3102
3201
3210
8 2293272 2293336 1983292482 1983313106 1983906472 
-1585367733 0 72 5517272 1983320418 1983320462 
2103 3214 2293292 2293700 4718064 1983417557 
3102 3201 3210 4321 2293384 4249968 


8 2293272 2293336 1983292482 1983313106 1983906472 
-1585367733 0 72 5517272 1983320418 1983320462 
2103 3214 2293292 2293700 4718064 1983417557 
3102 3201 3210 4321 2293384 4249968 
2103 3214 2293292 2293700 4718064 1983417557
3102 3201 3210 4321 2293384 4249968
1 
3 
3 
3 


3313
3313
3313
3331
8 2293272 2293336 1983292482 1983313106 1983906472 
-1585367733 0 72 5517272 1983320418 1983320462 
3313 3214 2293292 2293700 4718064 1983417557 
3313 3313 3331 4321 2293384 4249968 


8 2293272 2293336 1983292482 1983313106 1983906472 
-1585367733 0 72 5517272 1983320418 1983320462 
3214 3313 2293292 2293700 4718064 1983417557 
3313 3313 3331 4321 2293384 4249968 
3214 3313 2293292 2293700 4718064 1983417557
3313 3331 4321 2293384 4249968
0 
1 
1 
2 


1102
2101
2101
2110
8 2293272 2293336 1983292482 1983313106 1983906472 
-1585367733 0 72 5517272 1983320418 1983320462 
1102 3313 2293292 2293700 4718064 1983417557 
2101 2101 2110 4321 2293384 4249968 


8 2293272 2293336 1983292482 1983313106 1983906472 
-1585367733 0 72 5517272 1983320418 1983320462 
1102 3313 2293292 2293700 4718064 1983417557 
2101 2101 2110 4321 2293384 4249968 
1102 3313 2293292 2293700 4718064 1983417557
2101 2110 4321 2293384 4249968
