39
9330852725097486185402217688177230218482011952670332575544573296417
785798962555887665129692089498966667654929420386810999219368376254911523788726320321463391328163666739307171924176334663717734292885738565680297041429791784305595
8103982786977501801938873840912825343711428189461574553869850355899362425433581858216712629755456382545200780866919580952049584134600331509617408377384880740473053188249320062919867245241281706217133065273484562287921161251073708007744082650970892120265564045967842262658867846270296963579085061400685663649466507193462572190430490988462300970891258617126169430440396729846025461454368176219484535109203938496731389197810958523064086579540213
515824834815338414601192733178642324710211946708460589975482366500973114201103140310229777103773883104847959283416668555277866347687383071919461029084621528464124872191403441765675250422468073770910352897985644299254690518085006234713422188627742133287287907852225587998070957460908628
203076493191319389438828028678219836678989210169314116211008141024803801825061914628269591506600203513997493714279015194546336359630121962433172096715469094940835067173328938157720288499886081587215749834871745894853053663731684178274
53939538
15431797062330760717393818861874418509228673761732694995973060701753695652948133304914411739929096387045261275625226689
839751879379634895382117356235210396695642505117845156001627448609468945115926612147040312
7713708519063132420743143549869752143106024337799786390876772950184616418874863942593572350667875468101198595181340619956132812558388429578287333524611344747995743605775695349611284418084885379851639190645526664207238636165061426557523295983506339392110636971546220540258618263393504769589633565530567548486715287876824917265031299963003606244131735126164888909005528880
240493329765850830049066684464119150583651156360566464142710221358329884222878034892209600724079104012636834647226779839823250362763228812296140039913015532588964589382511327642533054809070996546496677002986262769440359368114964641563964880076911158104145853230596
824624801034102418875629061779774266848962584745744309425594471817794710160665351882726496865168137530549827562661055715511029835708084967615893108791442766662132950668321031343332476842618823341507452775821355514319772766112462109386088225998339207685316554085145845867
5941265432207582
24396766124012507823498630590734464030674276546431992775926910358954231660434379668855367051206224647905958687745640378395436068444444951831515199329250794520586922628703974603848983975537787400662654061432038046333098969709797952559624049843696007896988857563018902506490750572583172989758051061532173460640890127517503320457800210778934915957901671906071951194362257879466176446856475762001639075864900530384981849317837
911008862984424720722561070028211531530928362064238404723835877922296288135351086848342845424338557185299724044
39683067621074959867486571197670750069943261676564525394604483651779885103481049713442812451018306486927465591682929102677970723561273912691859273383542451733001128732101208345684150606771
91426599729861696276813075844973346997860066348165968375852371825414212438073881688637232661753316958293200501981756699058223756472491713094384679238135978455192553625046694053276011829696327672136651212828147960343422084761176742083397123040176411839205514100511960874298405248521661334877828936923462405049804062308085987
8359583
20570990152098070029826653621155125316653852650674576363645952794448203518775964631297851379860406429790789485841280967326422464216105104144850970187931573831264175817421028025156049329602940478161825137051587383315295692751767862377072451189433052743110386282412139676705850378862183233051522757817707494421220448981208570968779440181645978934954294154
401173715918763853809753250324866284775269255742142038655807295835403229167831045278254936875478920244470154278917742355062702894840587514951042738096712282483099047790315419885704305525984485489370401962143615065739229877537664706022537810537302445454109975566260413114277
29365000623532380906150481020952019519803376507517324585787995296377459087859521553912402414933580457657332294562155527788174742989964698949515722476154081677098084446432393086333160681948759
57192747998529174680749843838805737133142996003472568664949049745458762282804253621487194010294732510730131658130380019413532105358453467
445685987199802564661242697254001781599200182358925369520265987065314237277623547273345383074890523268905670944661195
432436248871059167757991752969704147992771098024
196007051130034484378369377394225056753087002742309137266927560175962472192489619822748662319546052401631199081985350136679546171513707038936244872007864911548929491314229053550953859543627419550791334331606913200354616459507698931564647458798733496251214195988246623578468461002628069678168002875144080036338511319477295316795419830935760631973812761314184837912927605668877351539980598
93887209961639536462537445406515805525744809072820075940480251743518202614712196125719980905001475295686057479203876984
77789046587345961930050350958666356462230966564677875802897776521169383589357734711493685672225553504072109992363704094551095542814211631741999462991366767413925368553829149187396
334291834771130805635894173470225666
4932855273449999850696518964543169544063537527614795566654229635599118471345006797253130552638387518577811332203950563539022873726774555810031628696259173571045733380071094379148765992469575169699896018655581669170637716342203382003070549707846909690424666107529028193085979561441785364076948042953272961119485755381900514320716053442773821398827137381933006831397575179418313056985008301186215294
02845676991892312372482235854444821308028309550987358571376742426566580530415704641418548342784332202266307099665707883637017442963119769661637129029683304370569872778954019954876837397926192282471286900097404300239143852282422770463684334986101235513043407684942421856564186329003307669457063305482039659201301643322387293623363687744864916380835063912294722180076654276824107636947278860391598276693285617472267906992922273391982202993630979869478
620124437319724817460539518989661675239980174557425490353443320619235155383038792542797133466637852587015310410686055989357110817265079722865055671171226030231058757859136853410729871574599815692577502397630803802979
4853021157842995063371521741559136659886772181880137401677942887645723512822902115087147033231216790042544765078786512427740982553589934420147125899031807016463941956391525247048961264975534930245177221765789598914311087690644453397485254315107650950620804461792660286819559216423517790346438624644447392445000651320356210094688024785221952919064309923144502527117731058241478820714258720182013907114950197171173790582522944244175583612
2075724829966397750391279305442941633147236185870831250182857243427933986594271284522832037753316011509170790038780165398385817430882919088013001010761799201144143344465468768181379441361485112678014762550560617851919079781948771349525773765442533731609926913159221909377041296881951045647174196298348042383982279403189806236157191917155764993855384374117
4466575949628289337
92937899188645404111275015950879384065905080722333480183688788816525037855847282740961241339143997690398872710085273309633867176847077866338358006558523809738312230128073801631488430732807758984118115515800949994088478264254695609170950967066584343389917396168076281380086834480849930691429349167215236011662766671860924158065718552163241419279455677185903676542770224688515653132140660129896283415074845412945152338550452270611310707460874
82815662827054337461763401618078271059253280813672948200361390337432588826109486871893942291524280730742552411200582996148492031226412689121473423613547508731054705184118257720003550420205401093713325460134155712755985547847138472938243888351849337003789412481694419929054130085906286148498577041
3
0386546743751958318926405646999938704570965062014008868434024049019498485201414014920965660266189028896517870203615921480608237251060713603825116900269231357092108490972254785577604749096796036895082219907485447013113794317198827240130900664567871362803734628343368570636204281320722295857782230017192932452706778918503474699812541945380651430
42394641222413688802532717062197528904259492970770126307323534406599116077274544786318161426987738852459106853241084191255063949844091123820365473084329046442546147450854881540078402618272626252090277688932969902383202686511930970938753149162590013201054147364350
4595188723953087217760454009723192622505092410163139177797761070462614315579715120250939826123389642206075976600828841845469997173523323930510894688985441352062344978261442423003991635961169515923761007461871180345031369343035332734681888196442957385439745598983371659481225642373118012564574901278237581265524038851339986378507341291439181804610943833481233099330693514714395581066425740061195154637000
