1
2
5
14
42
132
429
1430
4862
16796
58786
208012
742900
2674440
9694845
35357670
129644790
477638700
1767263190
6564120420
24466267020
91482563640
343059613650
1289904147324
4861946401452
944973797977428207852605870454939596837230758234904050
3721443204405954385563870541379246659709506697378694300
14657929356129575437016877846657032761712954950899755100
57743358069601357782187700608042856334020731624756611000
227508830794229349661819540395688853956041682601541047340
896519947090131496687170070074100632420837521538745909320
