20 -100000 47063
-835 455 1
-658 641 1
-933 35 1
485 655 1
176 636 1
-403 605 1
-827 699 1
847 614 1
330 791 1
361 581 1
162 199 1
363 437 1
478 497 1
353 321 1
-226 598 1
583 503 1
989 944 1
-593 117 1
-804 3 1
-493 470 1
15 -32424 606
-939 379 3
-980 632 2
657 793 3
-357 883 1
-560 338 1
-78 423 2
-189 292 2
-365 892 1
340 418 2
-187 791 3
778 31 1
-838 962 2
-976 129 2
-30 795 2
-401 800 2
15 100000 100000
880 60 3
702 572 1
-873 266 3
-371 59 3
-293 564 3
-689 53 2
-528 876 2
-659 122 2
487 747 3
387 4 3
863 14 1
296 508 1
-273 514 3
-268 624 2
-398 888 1
15 -100000 100000
917 914 2
-854 615 2
-935 4 2
798 310 2
-862 623 1
139 104 1
-671 333 2
-109 670 1
-80 212 1
-328 430 2
365 27 1
-25 980 2
-894 482 2
822 326 2
506 93 1
15 -10000 1353
-828 896 3
-521 243 5
-297 199 5
510 402 3
-131 333 1
170 829 5
-221 191 6
850 638 3
166 806 3
361 300 5
-263 633 2
853 920 2
-881 966 4
-35 303 6
-367 665 6
13 -99999 100000
-360 463 1
-911 440 3
858 394 2
-203 65 15
-380 103 12
750 428 7
33 400 15
288 496 17
-418 752 13
727 582 16
-919 917 6
563 710 5
292 458 16
6 -10000 899
-530 111 21
-175 688 16
-403 433 9
-818 675 13
-498 917 14
318 684 8
5 -10000 100000
993 94 2
-503 76 2
986 4 2
-312 21 1
338 6 2
5 -10000 2621
906 402 3
334 64 7
-161 565 4
946 548 27
122 466 28
1 0 2
0 2 90
1 0 1
1 1 45
2 3 5
3 1 45
5 1 45
1 0 1
1 1 30
