0 0.00
1.20  001.200
1 2
2 2
3 3
4 3
12345678901234567890123456789012345678901234567890123456789012345678901234567890123456789012345678901234567890123456789012345678901234567890 12345678901234567890123456789012345678901234567890123456789012345678901234567890123456789012345678901234567890123456789012345678901234567890
00000000000000000002222 2222
200 200000
0.00002 0.000020000000000000000000000000000000
00000000000000000000.00002 0.0000200000
0022000 000000000002200
-0022.00200 -000000000000022.002000000000000000000
+0.00 0.000000000000000
000000000 0000000000000
000001.00000 1
-0001.000 0001
-0 0
