81962.8286980801
34867844010000000000
.00000000000000000000000000000000000000000000000001
0
10000000000
1
1024
6561
1
1024
59049
81962.8286980801
1.21
1
1334.633301
0
0
.0001
1
.000000000000000000000000000001
1.010045120210252210120045010001
.000000000792594609605189126649
61047.08847704064244053001
59246.125507593151253013240405030001
.00000000000000000001
.0000000000000000000283942098606901565601
.0000000001115607835569227940275059334601
1090610688356.810969565326179485483878811849
1999452988998.265529650196281466344581374976
10127915935611.448558326378351816364364391424
548815620517731830194541.899025343415715973535967221869852721
.00000005148554641076956121994511276767154838481760200726351203835429763013462401
43992025569.928573701266488041146654993318703707511666295476720493953024
29448126.764121021618164430206909037173276672
90429072743629540498.107596019456651774561044010001
1.126825030131969720661201
41217843432.215276575280690221885747304997038853458330384232340015546368
3
9
27
81
9999000044.9988000209997480020999880000449999000001
99990000449988000209.997480020999880000449999000001
.9990004498800209974802099880004499900001
999850010499545013649699705004.935650643494995030029863500454998950001499999
99975002999770012649468717709519310815545705768715.426520024799744573673126042964184298069822900531298735002299997000002499999
23416027803025083062199458650340981952.763305385811896322578737514244114388270577532235765876248180866241455078125
