##########
#...P##..#
#S#...#.P#
#S#..#...#
#...#.####
#.#...#.H#
##......##
#..P#..S.#
##.......#
##########


the results of BFS:
  -1    -1    -1    -1    -1    -1    -1    -1    -1    -1  
  -1    13    12    11    -1    -1    -1    -1    -1    -1  
  -1    14    -1    10    11    12    -1    -1    -1    -1  
  -1    11    -1     9    10    -1    -1    -1    -1    -1  
  -1    10     9     8    -1     6    -1    -1    -1    -1  
  -1    11    -1     7     6     5    -1     1     0    -1  
  -1    -1     7     6     5     4     3     2    -1    -1  
  -1     9     8    -1    -1     5     4     3     8    -1  
  -1    -1     9     8     7     6     5     6     7    -1  
  -1    -1    -1    -1    -1    -1    -1    -1    -1    -1  
25
